37-3, 백의리
연천역, 전곡터미널, 청산역, 망향국수, 백의리
0810, 0825, 0835, 0845, 0852
1510, 1525, 1535, 1545, 1552
-----
37-3, 연천역
백의리, 망향국수, 청산역, 전곡터미널, 연천역
0900, 0907, 0917, 0931, 0940
1600, 1607, 1617, 1631, 1640
-----
56, 전곡역
용정공단, 포천시청?, 백의리?, 전곡역?
0625, 0630, 0700, 0715
0755, 0800, 0837, 0852
0840, 0845, 0914, 0923
1000, 1005, 1037, 1054
1040, 1045, 1121, 1136
1120, 1125, 1155, 1212
1220, 1225, 1304, 1320
1310, 1315, 1349, 1406
1350, 1355, 1430, 1447
1430, 1435, 1508, 1523
1510, 1515, 1554, 1610
1550, 1555, 1632, 1646
1650, 1655, 1732, 1747
1750, 1755, 1830, 1841
1830, 1835, 1911, 1920
1910, 1915, 1948, 2002
-----
56-1, 전곡역, 송우리발
송우리, 포천시청, 백의리?, 전곡역?
0535, 0600, 0636, 0652
0635, 0655, 0731, 0746
0905, 0930, 1005, 1020
1935, 2000, 2032, 2047
-----
56, 용정공단
전곡역, 백의리?, 포천시청?, 용정공단?
0730, 0745, 0815, 0820
0800, 0815, 0855, 0900
0900, 0920, 1000, 1005
0950, 1005, 1035, 1040
1030, 1050, 1125, 1130
1110, 1130, 1205, 1210
1150, 1215, 1250, 1255
1230, 1250, 1320, 1325
1330, 1350, 1425, 1430
1420, 1440, 1515, 1520
1500, 1520, 1555, 1600
1540, 1600, 1630, 1635
1620, 1640, 1725, 1730
1800, 1830, 1905, 1910
1900, 1915, 1950, 1955
2020, 2035, 2110, 2115
-----
56-1, 송우리
전곡역, 백의리?, 포천시청?, 송우리?
0700, 0715, 0755, 0820
1700, 1715, 1755, 1820
1940, 2000, 2035, 2050
2100, 2115, 2150, 2215
-----
67-1, 백의리
전곡터미널, 청산역, 망향국수, 백의리
0725, 0740, 0750, 0755
0900, 0915, 0925, 0930
1300, 1315, 1325, 1330
1630, 1645, 1655, 1700
1900, 1915, 1925, 1930
-----
67-1, 전곡터미널
백의리, 망향국수, 청산역, 전곡터미널
0755, 0758, 0809, 0820
0935, 0938, 0949, 1000
1335, 1338, 1349, 1400
1705, 1708, 1719, 1730
1935, 1938, 1949, 2000
-----
68, 소요산역
백의리, 망향국수, 청산역, 소요산역
0720, 0728, 0740, 0753
1000, 1008, 1020, 1033
1400, 1408, 1420, 1433
1700, 1708, 1720, 1733
2000, 2008, 2020, 2033
-----
68, 백의리
소요산역, 청산역, 망향국수, 백의리
0910, 0922, 0933, 0943
1310, 1322, 1333, 1343
1610, 1622, 1633, 1643
1910, 1922, 1933, 1943
2040, 2052, 2103, 2113
-----
91, 산정호수
소요산역, 백의리, 산정호수
1000, 1020, 1030
1400, 1420, 1530
1730, 1750, 1900
-----
91, 소요산역
산정호수, 백의리, 소요산역
0830, 0920, 0940
1230, 1320, 1340
1600, 1650, 1710
